1 0.052045
2 0.183550
3 0.084340
4 0.425573
5 0.070012
6 0.113538
7 0.047630
8 0.043680
9 0.233581
10 0.062500
11 1.000000
12 0.063042
13 0.338290
14 0.037330
15 0.038336
16 0.053051
17 1.000000
18 0.284309
19 0.171391
20 0.130189
21 0.086509
22 0.021298
23 0.173559
24 0.056769
25 0.113383
1 0.052045
2 0.183550
3 0.084340
4 0.425573
5 0.070012
6 0.113538
7 0.047630
8 0.043680
9 0.233581
10 0.062500
11 1.000000
12 0.063042
13 0.338290
14 0.037330
15 0.038336
16 0.053051
17 1.000000
18 0.284309
19 0.171391
20 0.130189
21 0.086509
22 0.021298
23 0.173559
24 0.056769
25 0.113383
