set FACILITIES := 1 2 3 4 5 6 7 8 9 10 11 12 13 14 15 16;
set CLIENTS := 1 2 3 4 5 6 7 8 9 10 11 12 13 14 15 16 17 18 19 20 21 22 23 24 25;

param f :=
  1 12500
  2 12500
  3 12500
  4 12500
  5 12500
  6 12500
  7 12500
  8 12500
  9 12500
  10 12500
  11 0
  12 12500
  13 12500
  14 12500
  15 12500
  16 12500
;

param d :=
  1 146
  2 87
  3 672
  4 1337
  5 31
  6 559
  7 2370
  8 1089
  9 33
  10 32
  11 5495
  12 904
  13 1466
  14 143
  15 615
  16 564
  17 226
  18 3016
  19 253
  20 195
  21 38
  22 807
  23 551
  24 304
  25 814
;

param c : 1 2 3 4 5 6 7 8 9 10 11 12 13 14 15 16 :=
1 6740 10355 7650 5220 5776 6641 4375 3847 6429 5397 5220 4183 7391 5039 10350 6052
2 3205 5457 3845 2397 2628 3220 1839 2266 3118 2583 2297 1779 5116 2189 5399 2838
3 4914 26410 19622 13877 9148 14977 21848 35330 15112 23680 9828 19303 57473 11180 22957 15490
4 32372 29982 21024 29681 21275 20072 64293 80187 25921 69206 23097 48700 135171 40528 60516 52912
5 1715 2152 1578 1062 1250 1364 1524 956 1319 1789 1133 1015 2006 1380 2513 1824
6 6422 23702 16197 10383 7484 12333 15841 27251 12445 17769 7029 13919 45475 6967 20327 10956
7 81972 28499 43134 65768 58806 48555 138615 155294 53177 147325 56998 102384 259515 96429 131920 118382
8 33391 26544 6371 16771 13572 8862 51551 57908 10985 57377 12741 33596 105796 32221 60072 46528
9 2021 2481 1869 1325 1526 1646 1817 1212 1593 2099 1396 1275 1940 1664 2870 2136
10 1460 1995 1402 870 1051 1181 1133 546 1135 1407 929 769 1950 1145 2315 1501
11 141015 205925 104130 12638 46089 66146 198301 220212 58178 241574 25277 97536 461992 106122 288419 185456
12 17684 32069 15323 8430 1232 9074 32781 41335 9255 37595 2463 19775 79236 16713 41957 28589
13 38208 42477 15320 15833 11526 5186 62653 71211 11563 70496 10372 38482 135275 36632 77570 55891
14 1954 5044 4090 3428 2290 3530 5554 8308 3559 5947 2435 4898 13135 3284 4635 4204
15 17182 36054 25400 16298 15829 21148 7311 21710 20779 12569 14622 11931 39914 11170 32480 14376
16 25641 35602 25154 15764 18422 21256 18478 8136 20438 23300 16271 12620 35095 19254 39868 24957
17 7031 10492 6305 2542 3918 4743 6856 7119 4415 8789 3062 2712 17458 5031 13094 8294
18 78454 92516 36644 27446 23562 23035 126333 141375 11423 144881 22846 74043 274079 75212 159433 114834
19 9453 12441 7754 3542 5082 6006 10275 10215 5639 12438 4124 5636 21790 8074 16239 11727
20 8597 14113 10501 7254 7876 9153 5467 6372 8870 6730 7312 5870 9506 6696 13555 7707
21 1581 2030 1326 694 925 1064 1629 1620 1008 1954 781 932 3067 1298 2601 1847
22 23171 48702 36073 26167 23494 30495 14919 33813 30656 11167 22334 20982 56026 17381 40179 15979
23 12088 19877 9670 3802 2252 5847 19650 23845 6261 22873 0 10703 46945 10145 26882 17728
24 4883 12852 10822 8930 6798 9435 11943 18149 9496 11617 7106 10898 28226 7117 7725 7912
25 24064 39682 24603 11050 13645 18976 20197 24685 17796 27157 10541 5271 59259 14845 44597 26496
;
